0.000000 0.000000 0.043557 
0.200000 0.000000 0.043557 
0.400000 0.000000 0.043557 
0.600000 0.000000 0.043557 
0.800000 0.000000 0.043557 
1.000000 0.000000 0.043557 
1.200000 0.000000 0.043557 
1.400000 0.000000 0.043557 
1.600000 0.000000 0.043557 
1.800000 0.000000 0.043557 
2.000000 0.000000 0.043557 
2.200000 0.000000 0.043557 
2.400000 0.000000 0.043557 
2.600000 0.000000 0.043557 
2.800000 0.000000 0.043557 
3.000000 0.000000 0.043557 
3.200000 0.000000 0.043557 
3.400000 0.000000 0.043557 
3.600000 0.000000 0.043557 
3.800000 0.000000 0.043557 
4.000000 0.000000 0.043557 
4.200000 0.000000 0.043557 
4.400000 0.000000 0.043557 
4.600000 0.000000 0.043557 
4.800000 0.000000 0.043557 
5.000000 0.000000 0.043557 
5.200000 0.000000 0.043557 
5.400000 0.000000 0.043557 
5.600000 0.000000 0.043557 
5.800000 0.000000 0.043557 
6.000000 0.000000 0.043557 
6.200000 0.000000 0.043557 
6.400000 0.000000 0.043557 
6.600000 0.000000 0.043557 
6.800000 0.000000 0.044933 
7.000000 0.000000 0.043557 
7.200000 0.000000 0.043557 
7.400000 0.000000 0.043557 
7.600000 0.000000 0.043557 
7.800000 0.000000 0.043557 
8.000000 0.000000 0.043557 
8.200000 0.000000 0.043557 
8.400000 0.000000 0.043557 
8.600000 0.000000 0.043557 
8.800000 0.000000 0.043557 
9.000000 0.000000 0.043557 
9.200000 0.000000 0.043557 
9.400000 0.000000 0.043557 
9.600000 0.000000 0.043557 
9.800000 0.000000 0.043557 
10.000000 0.000000 0.043557 
10.200000 0.000000 0.043557 
10.400000 0.000000 0.043557 
10.600000 0.000000 0.043557 
10.800000 0.000000 0.043557 
11.000000 0.000000 0.043557 
11.200000 0.000000 0.044933 
11.400000 0.000000 0.043557 
11.600000 0.000000 0.044933 
11.800000 0.000000 0.044933 
12.000000 0.000000 0.043557 
12.200000 0.000000 0.043557 
12.400000 0.000000 0.043557 
12.600000 0.000000 0.043557 
12.800000 0.000000 0.044933 
13.000000 0.000000 0.043557 
13.200000 0.000000 0.044933 
13.400000 0.000000 0.043557 
13.600000 0.000000 0.044933 
13.800000 0.000000 0.043557 
14.000000 0.000000 0.043557 
14.200000 0.000000 0.044933 
14.400000 0.000000 0.043557 
14.600000 0.000000 0.043557 
14.800000 0.000000 0.043557 
15.000000 0.000000 0.043557 
15.200000 0.000000 0.044933 
15.400000 0.000000 0.046309 
15.600000 0.000000 0.044933 
15.800000 0.000000 0.044933 
16.000000 0.000000 0.043557 
16.200000 0.000000 0.043557 
16.400000 0.000000 0.044933 
16.600000 0.000000 0.044933 
16.800000 0.000000 0.043557 
17.000000 0.000000 0.043557 
17.200000 0.000000 0.043557 
17.400000 0.000000 0.043557 
17.600000 0.000000 0.044933 
17.800000 0.000000 0.047685 
18.000000 0.000000 0.047685 
18.200000 0.000000 0.047685 
18.400000 0.000000 0.046309 
18.600000 0.000000 0.046309 
18.800000 0.000000 0.044933 
19.000000 0.000000 0.046309 
19.200000 0.000000 0.046309 
19.400000 0.000000 0.050436 
19.600000 0.000000 0.051812 
19.800000 0.000000 0.049060 
20.000000 0.000000 0.046309 
20.200000 0.000000 0.049060 
20.400000 0.000000 0.046309 
20.600000 0.000000 0.053188 
20.800000 0.000000 0.049060 
21.000000 0.000000 0.044933 
21.200000 0.000000 0.046309 
21.400000 0.000000 0.049060 
21.600000 0.000000 0.050436 
21.800000 0.000000 0.049060 
22.000000 0.000000 0.051812 
22.200000 0.000000 0.053188 
22.400000 0.000000 0.058692 
22.600000 0.000000 0.049060 
22.800000 0.000000 0.057316 
23.000000 0.000000 0.047685 
23.200000 0.000000 0.047685 
23.400000 0.000000 0.050436 
23.600000 0.000000 0.058692 
23.800000 0.000000 0.050436 
24.000000 0.000000 0.054564 
24.200000 0.000000 0.055940 
24.400000 0.000000 0.053188 
24.600000 0.000000 0.055940 
24.800000 0.000000 0.053188 
25.000000 0.000000 0.060068 
25.200000 0.000000 0.062819 
25.400000 0.000000 0.066947 
25.600000 0.000000 0.061444 
25.800000 0.000000 0.051812 
26.000000 0.000000 0.057316 
26.200000 0.000000 0.061444 
26.400000 0.000000 0.061444 
26.600000 0.000000 0.073827 
26.800000 0.000000 0.058692 
27.000000 0.000000 0.061444 
27.200000 0.000000 0.065571 
27.400000 0.000000 0.060068 
27.600000 0.000000 0.065571 
27.800000 0.000000 0.060068 
28.000000 0.000000 0.069699 
28.200000 0.000000 0.060068 
28.400000 0.000000 0.069699 
28.600000 0.000000 0.061444 
28.800000 0.000000 0.073827 
29.000000 0.000000 0.069699 
29.200000 0.000000 0.077954 
29.400000 0.000000 0.075202 
29.600000 0.000000 0.066947 
29.800000 0.000000 0.064195 
30.000000 0.000000 0.084834 
30.200000 0.000000 0.077954 
30.400000 0.000000 0.079330 
30.600000 0.000000 0.075202 
30.800000 0.000000 0.068323 
31.000000 0.000000 0.064195 
31.200000 0.000000 0.073827 
31.400000 0.000000 0.073827 
31.600000 0.000000 0.068323 
31.800000 0.000000 0.071075 
32.000000 0.000000 0.087586 
32.200000 0.000000 0.072451 
32.400000 0.000000 0.062819 
32.600000 0.000000 0.077954 
32.800000 0.000000 0.084834 
33.000000 0.000000 0.079330 
33.200000 0.000000 0.082082 
33.400000 0.000000 0.066947 
33.600000 0.000000 0.079330 
33.800000 0.000000 0.076578 
34.000000 0.000000 0.073827 
34.200000 0.000000 0.069699 
34.400000 0.000000 0.072451 
34.600000 0.000000 0.076578 
34.800000 0.000000 0.083458 
35.000000 0.000000 0.087586 
35.200000 0.000000 0.065571 
35.400000 0.000000 0.077954 
35.600000 0.000000 0.082082 
35.800000 0.000000 0.068323 
36.000000 0.000000 0.066947 
36.200000 0.000000 0.077954 
36.400000 0.000000 0.076578 
36.600000 0.000000 0.066947 
36.800000 0.000000 0.061444 
37.000000 0.000000 0.073827 
37.200000 0.000000 0.073827 
37.400000 0.000000 0.080706 
37.600000 0.000000 0.069699 
37.800000 0.000000 0.072451 
38.000000 0.000000 0.061444 
38.200000 0.000000 0.071075 
38.400000 0.000000 0.060068 
38.600000 0.000000 0.065571 
38.800000 0.000000 0.066947 
39.000000 0.000000 0.054564 
39.200000 0.000000 0.058692 
39.400000 0.000000 0.060068 
39.600000 0.000000 0.065571 
39.800000 0.000000 0.072451 
40.000000 0.000000 0.051812 
40.200000 0.000000 0.064195 
40.400000 0.000000 0.060068 
40.600000 0.000000 0.053188 
40.800000 0.000000 0.055940 
41.000000 0.000000 0.055940 
41.200000 0.000000 0.054564 
41.400000 0.000000 0.057316 
41.600000 0.000000 0.049060 
41.800000 0.000000 0.049060 
42.000000 0.000000 0.051812 
42.200000 0.000000 0.053188 
42.400000 0.000000 0.051812 
42.600000 0.000000 0.051812 
42.800000 0.000000 0.050436 
43.000000 0.000000 0.051812 
43.200000 0.000000 0.049060 
43.400000 0.000000 0.051812 
43.600000 0.000000 0.049060 
43.800000 0.000000 0.046309 
44.000000 0.000000 0.046309 
44.200000 0.000000 0.049060 
44.400000 0.000000 0.050436 
44.600000 0.000000 0.053188 
44.800000 0.000000 0.050436 
45.000000 0.000000 0.044933 
45.200000 0.000000 0.046309 
45.400000 0.000000 0.044933 
45.600000 0.000000 0.047685 
45.800000 0.000000 0.043557 
46.000000 0.000000 0.043557 
46.200000 0.000000 0.049060 
46.400000 0.000000 0.046309 
46.600000 0.000000 0.044933 
46.800000 0.000000 0.044933 
47.000000 0.000000 0.043557 
47.200000 0.000000 0.044933 
47.400000 0.000000 0.046309 
47.600000 0.000000 0.044933 
47.800000 0.000000 0.044933 
48.000000 0.000000 0.046309 
48.200000 0.000000 0.049060 
48.400000 0.000000 0.043557 
48.600000 0.000000 0.047685 
48.800000 0.000000 0.043557 
49.000000 0.000000 0.043557 
49.200000 0.000000 0.046309 
49.400000 0.000000 0.047685 
49.600000 0.000000 0.043557 
49.800000 0.000000 0.043557 
50.000000 0.000000 0.043557 
50.200000 0.000000 0.043557 
50.400000 0.000000 0.043557 
50.600000 0.000000 0.047685 
50.800000 0.000000 0.046309 
51.000000 0.000000 0.043557 
51.200000 0.000000 0.043557 
51.400000 0.000000 0.047685 
51.600000 0.000000 0.043557 
51.800000 0.000000 0.047685 
52.000000 0.000000 0.047685 
52.200000 0.000000 0.044933 
52.400000 0.000000 0.044933 
52.600000 0.000000 0.046309 
52.800000 0.000000 0.044933 
53.000000 0.000000 0.043557 
53.200000 0.000000 0.043557 
53.400000 0.000000 0.043557 
53.600000 0.000000 0.046309 
53.800000 0.000000 0.049060 
54.000000 0.000000 0.043557 
54.200000 0.000000 0.043557 
54.400000 0.000000 0.047685 
54.600000 0.000000 0.044933 
54.800000 0.000000 0.046309 
55.000000 0.000000 0.044933 
55.200000 0.000000 0.050436 
55.400000 0.000000 0.051812 
55.600000 0.000000 0.050436 
55.800000 0.000000 0.050436 
56.000000 0.000000 0.046309 
56.200000 0.000000 0.046309 
56.400000 0.000000 0.046309 
56.600000 0.000000 0.051812 
56.800000 0.000000 0.049060 
57.000000 0.000000 0.051812 
57.200000 0.000000 0.049060 
57.400000 0.000000 0.051812 
57.600000 0.000000 0.051812 
57.800000 0.000000 0.054564 
58.000000 0.000000 0.051812 
58.200000 0.000000 0.049060 
58.400000 0.000000 0.049060 
58.600000 0.000000 0.055940 
58.800000 0.000000 0.054564 
59.000000 0.000000 0.058692 
59.200000 0.000000 0.060068 
59.400000 0.000000 0.053188 
59.600000 0.000000 0.058692 
59.800000 0.000000 0.064195 
60.000000 0.000000 0.053188 
60.200000 0.000000 0.071075 
60.400000 0.000000 0.064195 
60.600000 0.000000 0.060068 
60.800000 0.000000 0.060068 
61.000000 0.000000 0.053188 
61.200000 0.000000 0.062819 
61.400000 0.000000 0.065571 
61.600000 0.000000 0.058692 
61.800000 0.000000 0.069699 
62.000000 0.000000 0.062819 
62.200000 0.000000 0.072451 
62.400000 0.000000 0.068323 
62.600000 0.000000 0.083458 
62.800000 0.000000 0.073827 
63.000000 0.000000 0.075202 
63.200000 0.000000 0.061444 
63.400000 0.000000 0.065571 
63.600000 0.000000 0.076578 
63.800000 0.000000 0.076578 
64.000000 0.000000 0.065571 
64.200000 0.000000 0.071075 
64.400000 0.000000 0.082082 
64.600000 0.000000 0.082082 
64.800000 0.000000 0.072451 
65.000000 0.000000 0.086210 
65.200000 0.000000 0.082082 
65.400000 0.000000 0.076578 
65.600000 0.000000 0.068323 
65.800000 0.000000 0.068323 
66.000000 0.000000 0.076578 
66.200000 0.000000 0.077954 
66.400000 0.000000 0.083458 
66.600000 0.000000 0.073827 
66.800000 0.000000 0.084834 
67.000000 0.000000 0.079330 
67.200000 0.000000 0.082082 
67.400000 0.000000 0.077954 
67.600000 0.000000 0.065571 
67.800000 0.000000 0.072451 
68.000000 0.000000 0.082082 
68.200000 0.000000 0.073827 
68.400000 0.000000 0.065571 
68.600000 0.000000 0.072451 
68.800000 0.000000 0.073827 
69.000000 0.000000 0.064195 
69.200000 0.000000 0.069699 
69.400000 0.000000 0.076578 
69.600000 0.000000 0.080706 
69.800000 0.000000 0.080706 
70.000000 0.000000 0.079330 
70.200000 0.000000 0.066947 
70.400000 0.000000 0.065571 
70.600000 0.000000 0.073827 
70.800000 0.000000 0.075202 
71.000000 0.000000 0.069699 
71.200000 0.000000 0.076578 
71.400000 0.000000 0.061444 
71.600000 0.000000 0.069699 
71.800000 0.000000 0.058692 
72.000000 0.000000 0.066947 
72.200000 0.000000 0.058692 
72.400000 0.000000 0.064195 
72.600000 0.000000 0.058692 
72.800000 0.000000 0.064195 
73.000000 0.000000 0.064195 
73.200000 0.000000 0.058692 
73.400000 0.000000 0.073827 
73.600000 0.000000 0.060068 
73.800000 0.000000 0.060068 
74.000000 0.000000 0.061444 
74.200000 0.000000 0.055940 
74.400000 0.000000 0.058692 
74.600000 0.000000 0.066947 
74.800000 0.000000 0.062819 
75.000000 0.000000 0.060068 
75.200000 0.000000 0.055940 
75.400000 0.000000 0.057316 
75.600000 0.000000 0.053188 
75.800000 0.000000 0.055940 
76.000000 0.000000 0.053188 
76.200000 0.000000 0.049060 
76.400000 0.000000 0.060068 
76.600000 0.000000 0.051812 
76.800000 0.000000 0.047685 
77.000000 0.000000 0.047685 
77.200000 0.000000 0.054564 
77.400000 0.000000 0.049060 
77.600000 0.000000 0.058692 
77.800000 0.000000 0.054564 
78.000000 0.000000 0.051812 
78.200000 0.000000 0.049060 
78.400000 0.000000 0.050436 
78.600000 0.000000 0.046309 
78.800000 0.000000 0.046309 
79.000000 0.000000 0.044933 
79.200000 0.000000 0.049060 
79.400000 0.000000 0.051812 
79.600000 0.000000 0.046309 
79.800000 0.000000 0.049060 
80.000000 0.000000 0.046309 
80.200000 0.000000 0.049060 
80.400000 0.000000 0.051812 
80.600000 0.000000 0.050436 
80.800000 0.000000 0.046309 
81.000000 0.000000 0.046309 
81.200000 0.000000 0.044933 
81.400000 0.000000 0.046309 
81.600000 0.000000 0.046309 
81.800000 0.000000 0.047685 
82.000000 0.000000 0.047685 
82.200000 0.000000 0.047685 
82.400000 0.000000 0.044933 
82.600000 0.000000 0.043557 
82.800000 0.000000 0.043557 
83.000000 0.000000 0.043557 
83.200000 0.000000 0.043557 
83.400000 0.000000 0.044933 
83.600000 0.000000 0.044933 
83.800000 0.000000 0.043557 
84.000000 0.000000 0.043557 
84.200000 0.000000 0.044933 
84.400000 0.000000 0.044933 
84.600000 0.000000 0.047685 
84.800000 0.000000 0.044933 
85.000000 0.000000 0.043557 
85.200000 0.000000 0.043557 
85.400000 0.000000 0.044933 
85.600000 0.000000 0.043557 
85.800000 0.000000 0.044933 
86.000000 0.000000 0.043557 
86.200000 0.000000 0.043557 
86.400000 0.000000 0.044933 
86.600000 0.000000 0.043557 
86.800000 0.000000 0.044933 
87.000000 0.000000 0.043557 
87.200000 0.000000 0.044933 
87.400000 0.000000 0.043557 
87.600000 0.000000 0.043557 
87.800000 0.000000 0.043557 
88.000000 0.000000 0.043557 
88.200000 0.000000 0.044933 
88.400000 0.000000 0.044933 
88.600000 0.000000 0.043557 
88.800000 0.000000 0.044933 
89.000000 0.000000 0.043557 
89.200000 0.000000 0.043557 
89.400000 0.000000 0.043557 
89.600000 0.000000 0.043557 
89.800000 0.000000 0.043557 
90.000000 0.000000 0.043557 
90.200000 0.000000 0.043557 
90.400000 0.000000 0.043557 
90.600000 0.000000 0.043557 
90.800000 0.000000 0.043557 
91.000000 0.000000 0.043557 
91.200000 0.000000 0.043557 
91.400000 0.000000 0.043557 
91.600000 0.000000 0.043557 
91.800000 0.000000 0.043557 
92.000000 0.000000 0.043557 
92.200000 0.000000 0.043557 
92.400000 0.000000 0.043557 
92.600000 0.000000 0.043557 
92.800000 0.000000 0.043557 
93.000000 0.000000 0.043557 
93.200000 0.000000 0.044933 
93.400000 0.000000 0.043557 
93.600000 0.000000 0.043557 
93.800000 0.000000 0.043557 
94.000000 0.000000 0.043557 
94.200000 0.000000 0.043557 
94.400000 0.000000 0.043557 
94.600000 0.000000 0.043557 
94.800000 0.000000 0.043557 
95.000000 0.000000 0.043557 
95.200000 0.000000 0.043557 
95.400000 0.000000 0.043557 
95.600000 0.000000 0.043557 
95.800000 0.000000 0.043557 
96.000000 0.000000 0.043557 
96.200000 0.000000 0.043557 
96.400000 0.000000 0.043557 
96.600000 0.000000 0.043557 
96.800000 0.000000 0.043557 
97.000000 0.000000 0.043557 
97.200000 0.000000 0.043557 
97.400000 0.000000 0.043557 
97.600000 0.000000 0.043557 
97.800000 0.000000 0.043557 
98.000000 0.000000 0.043557 
98.200000 0.000000 0.043557 
98.400000 0.000000 0.043557 
98.600000 0.000000 0.043557 
98.800000 0.000000 0.043557 
99.000000 0.000000 0.043557 
99.200000 0.000000 0.043557 
99.400000 0.000000 0.043557 
99.600000 0.000000 0.043557 
99.800000 0.000000 0.043557 
