0.000000 inf 0.082614 
0.246194 0.190214 0.082614 
0.492388 0.190597 0.082614 
0.738583 0.192215 0.082614 
0.984777 0.183749 0.082614 
1.230971 0.183154 0.082614 
1.477165 0.186598 0.082614 
1.723360 0.187023 0.082614 
1.969554 0.172799 0.082614 
2.215748 0.180181 0.082614 
2.461942 0.174538 0.082614 
2.708136 0.175852 0.082614 
2.954331 0.167844 0.082614 
3.200525 0.173859 0.082614 
3.446719 0.164543 0.082614 
3.692913 0.165178 0.082614 
3.939108 0.159217 0.082614 
4.185302 0.159259 0.082614 
4.431496 0.158710 0.082614 
4.677690 0.161161 0.082614 
4.923885 0.154193 0.082614 
5.170079 0.152295 0.082614 
5.416273 0.153645 0.082614 
5.662467 0.147280 0.082614 
5.908661 0.147533 0.082614 
6.154856 0.144417 0.082614 
6.401050 0.146269 0.082614 
6.647244 0.145469 0.082614 
6.893438 0.132439 0.082614 
7.139633 0.139580 0.082614 
7.385827 0.136386 0.082614 
7.632021 0.136092 0.082614 
7.878215 0.131768 0.082614 
8.124409 0.130216 0.082614 
8.370604 0.131474 0.082614 
8.616798 0.127826 0.082614 
8.862992 0.126359 0.082614 
9.109186 0.124474 0.082614 
9.355381 0.121627 0.082614 
9.601575 0.120204 0.082614 
9.847769 0.119493 0.082614 
10.093963 0.119660 0.082614 
10.340157 0.113098 0.082614 
10.586352 0.114727 0.082614 
10.832546 0.116357 0.082614 
11.078740 0.114560 0.082614 
11.324934 0.112012 0.082614 
11.571129 0.111845 0.082614 
11.817323 0.109716 0.082614 
12.063517 0.110509 0.082614 
12.309711 0.111678 0.082614 
12.555906 0.109675 0.082614 
12.802100 0.103295 0.082614 
13.048294 0.107380 0.082614 
13.294488 0.103253 0.082614 
13.540682 0.100463 0.082614 
13.786877 0.100754 0.082614 
14.033071 0.104337 0.082614 
14.279265 0.098215 0.082614 
14.525459 0.102503 0.082614 
14.771654 0.101587 0.082614 
15.017848 0.101837 0.082614 
15.264042 0.096135 0.082614 
15.510236 0.098382 0.082614 
15.756430 0.096717 0.082614 
16.002625 0.095511 0.082614 
16.248819 0.095761 0.082614 
16.495013 0.096177 0.082614 
16.741207 0.095095 0.082614 
16.987402 0.096218 0.082614 
17.233596 0.093432 0.082614 
17.479790 0.095386 0.082614 
17.725984 0.093765 0.082614 
17.972178 0.091978 0.082614 
18.218373 0.094264 0.082614 
18.464567 0.086331 0.082614 
18.710761 0.090856 0.082614 
18.956955 0.089237 0.082614 
19.203150 0.087908 0.082614 
19.449344 0.086788 0.082614 
19.695538 0.092394 0.082614 
19.941732 0.085999 0.082614 
20.187927 0.092726 0.082614 
20.434121 0.089071 0.082614 
20.680315 0.088988 0.082614 
20.926509 0.089652 0.082614 
21.172703 0.088572 0.082614 
21.418898 0.093100 0.082614 
21.665092 0.087037 0.082614 
21.911286 0.089154 0.082614 
22.157480 0.088033 0.082614 
22.403675 0.086373 0.082614 
22.649869 0.085709 0.082614 
22.896063 0.086124 0.082614 
23.142257 0.088074 0.082614 
23.388451 0.086497 0.082614 
23.634646 0.087535 0.082614 
23.880840 0.083884 0.082614 
24.127034 0.085253 0.082614 
24.373228 0.084174 0.082614 
24.619423 0.087369 0.082614 
24.865617 0.087327 0.082614 
25.111811 0.087825 0.082614 
25.358005 0.084465 0.082614 
25.604199 0.083511 0.082614 
25.850394 0.083013 0.082614 
26.096588 0.084962 0.082614 
26.342782 0.082640 0.082614 
26.588976 0.083469 0.082614 
26.835171 0.086580 0.082614 
27.081365 0.082972 0.082614 
27.327559 0.081604 0.082614 
27.573753 0.082599 0.082614 
27.819948 0.087618 0.082614 
28.066142 0.083387 0.082614 
28.312336 0.084050 0.082614 
28.558530 0.086995 0.082614 
28.804724 0.081314 0.082614 
29.050919 0.082806 0.082614 
29.297113 0.083594 0.082614 
29.543307 0.084465 0.082614 
29.789501 0.084050 0.082614 
30.035696 0.086290 0.082614 
30.281890 0.084879 0.082614 
30.528084 0.082019 0.082614 
30.774278 0.080320 0.082614 
31.020472 0.083511 0.082614 
31.266667 0.081894 0.082614 
31.512861 0.082184 0.082614 
31.759055 0.082019 0.082614 
32.005249 0.081811 0.082614 
32.251444 0.079325 0.082614 
32.497638 0.081811 0.082614 
32.743832 0.082226 0.082614 
32.990026 0.078083 0.082614 
33.236220 0.082640 0.082614 
33.482415 0.082101 0.082614 
33.728609 0.080278 0.082614 
33.974803 0.080485 0.082614 
34.220997 0.082723 0.082614 
34.467192 0.082931 0.082614 
34.713386 0.083345 0.082614 
34.959580 0.082557 0.082614 
35.205774 0.086663 0.082614 
35.451969 0.082931 0.082614 
35.698163 0.082599 0.082614 
35.944357 0.080734 0.082614 
36.190551 0.084423 0.082614 
36.436745 0.081894 0.082614 
36.682940 0.081355 0.082614 
36.929134 0.080320 0.082614 
37.175328 0.082350 0.082614 
37.421522 0.085170 0.082614 
37.667717 0.086580 0.082614 
37.913911 0.083262 0.082614 
38.160105 0.082184 0.082614 
38.406299 0.080444 0.082614 
38.652493 0.082184 0.082614 
38.898688 0.082475 0.082614 
39.144882 0.083221 0.082614 
39.391076 0.079905 0.082614 
39.637270 0.084506 0.082614 
39.883465 0.082682 0.082614 
40.129659 0.082848 0.082614 
40.375853 0.079201 0.082614 
40.622047 0.081563 0.082614 
40.868241 0.077628 0.082614 
41.114436 0.082019 0.082614 
41.360630 0.082392 0.082614 
41.606824 0.083304 0.082614 
41.853018 0.081190 0.082614 
42.099213 0.082848 0.082614 
42.345407 0.079905 0.082614 
42.591601 0.081563 0.082614 
42.837795 0.083884 0.082614 
43.083990 0.082599 0.082614 
43.330184 0.083469 0.082614 
43.576378 0.083345 0.082614 
43.822572 0.083469 0.082614 
44.068766 0.081687 0.082614 
44.314961 0.081314 0.082614 
44.561155 0.083926 0.082614 
44.807349 0.083096 0.082614 
45.053543 0.081728 0.082614 
45.299738 0.080858 0.082614 
45.545932 0.083096 0.082614 
45.792126 0.084672 0.082614 
46.038320 0.082392 0.082614 
46.284514 0.085294 0.082614 
46.530709 0.081604 0.082614 
46.776903 0.080112 0.082614 
47.023097 0.084921 0.082614 
47.269291 0.080983 0.082614 
47.515486 0.081604 0.082614 
47.761680 0.078414 0.082614 
48.007874 0.081646 0.082614 
48.254068 0.082682 0.082614 
48.500262 0.079864 0.082614 
48.746457 0.083304 0.082614 
48.992651 0.082640 0.082614 
49.238845 0.080237 0.082614 
49.485039 0.084714 0.082614 
49.731234 0.080154 0.082614 
49.977428 0.083221 0.082614 
