0.000000 inf 0.078209 
0.439633 0.175232 0.078209 
0.879265 0.172911 0.078209 
1.318898 0.170514 0.078209 
1.758530 0.168215 0.078209 
2.198163 0.165921 0.078209 
2.637795 0.163750 0.078209 
3.077428 0.162331 0.078209 
3.517060 0.159722 0.078209 
3.956693 0.157462 0.078209 
4.396325 0.154985 0.078209 
4.835958 0.153014 0.078209 
5.275591 0.151098 0.078209 
5.715223 0.149409 0.078209 
6.154856 0.146992 0.078209 
6.594488 0.144758 0.078209 
7.034121 0.143715 0.078209 
7.473753 0.140776 0.078209 
7.913386 0.139101 0.078209 
8.353018 0.137660 0.078209 
8.792651 0.135735 0.078209 
9.232283 0.134354 0.078209 
9.671916 0.131804 0.078209 
10.111549 0.130395 0.078209 
10.551181 0.128890 0.078209 
10.990814 0.126956 0.078209 
11.430446 0.125361 0.078209 
11.870079 0.123833 0.078209 
12.309711 0.122017 0.078209 
12.749344 0.120867 0.078209 
13.188976 0.119388 0.078209 
13.628609 0.117836 0.078209 
14.068241 0.116460 0.078209 
14.507874 0.115309 0.078209 
14.947507 0.113539 0.078209 
15.387139 0.112810 0.078209 
15.826772 0.111663 0.078209 
16.266404 0.110517 0.078209 
16.706037 0.108944 0.078209 
17.145669 0.107953 0.078209 
17.585302 0.106899 0.078209 
18.024934 0.105844 0.078209 
18.464567 0.104580 0.078209 
18.904199 0.103688 0.078209 
19.343832 0.102878 0.078209 
19.783465 0.101758 0.078209 
20.223097 0.101013 0.078209 
20.662730 0.100556 0.078209 
21.102362 0.099221 0.078209 
21.541995 0.098424 0.078209 
21.981627 0.097800 0.078209 
22.421260 0.097163 0.078209 
22.860892 0.096160 0.078209 
23.300525 0.095772 0.078209 
23.740157 0.094726 0.078209 
24.179790 0.094367 0.078209 
24.619423 0.093565 0.078209 
25.059055 0.093178 0.078209 
25.498688 0.092756 0.078209 
25.938320 0.092173 0.078209 
26.377953 0.091312 0.078209 
26.817585 0.090739 0.078209 
27.257218 0.090526 0.078209 
27.696850 0.089640 0.078209 
28.136483 0.089811 0.078209 
28.576115 0.089049 0.078209 
29.015748 0.088395 0.078209 
29.455381 0.088394 0.078209 
29.895013 0.087765 0.078209 
30.334646 0.087578 0.078209 
30.774278 0.086522 0.078209 
31.213911 0.086976 0.078209 
31.653543 0.086821 0.078209 
32.093176 0.086113 0.078209 
32.532808 0.085958 0.078209 
32.972441 0.086016 0.078209 
33.412073 0.085460 0.078209 
33.851706 0.084597 0.078209 
34.291339 0.084833 0.078209 
34.730971 0.084860 0.078209 
35.170604 0.084344 0.078209 
35.610236 0.083890 0.078209 
36.049869 0.083723 0.078209 
36.489501 0.083723 0.078209 
36.929134 0.083065 0.078209 
37.368766 0.082935 0.078209 
37.808399 0.082586 0.078209 
38.248031 0.082707 0.078209 
38.687664 0.082395 0.078209 
39.127297 0.082573 0.078209 
39.566929 0.082122 0.078209 
40.006562 0.082144 0.078209 
40.446194 0.081997 0.078209 
40.885827 0.081795 0.078209 
41.325459 0.081764 0.078209 
41.765092 0.081574 0.078209 
42.204724 0.081449 0.078209 
42.644357 0.081069 0.078209 
43.083990 0.081023 0.078209 
43.523622 0.081007 0.078209 
43.963255 0.081488 0.078209 
44.402887 0.081161 0.078209 
44.842520 0.080854 0.078209 
45.282152 0.080347 0.078209 
45.721785 0.080308 0.078209 
46.161417 0.080275 0.078209 
46.601050 0.080332 0.078209 
47.040682 0.080204 0.078209 
47.480315 0.080077 0.078209 
47.919948 0.079910 0.078209 
48.359580 0.079775 0.078209 
48.799213 0.080120 0.078209 
49.238845 0.079627 0.078209 
49.678478 0.079396 0.078209 
50.118110 0.080272 0.078209 
50.557743 0.079202 0.078209 
50.997375 0.079641 0.078209 
51.437008 0.079463 0.078209 
51.876640 0.079302 0.078209 
52.316273 0.079111 0.078209 
52.755906 0.079031 0.078209 
53.195538 0.079310 0.078209 
53.635171 0.079242 0.078209 
54.074803 0.079601 0.078209 
54.514436 0.079174 0.078209 
54.954068 0.079178 0.078209 
55.393701 0.079009 0.078209 
55.833333 0.079064 0.078209 
56.272966 0.078915 0.078209 
56.712598 0.078937 0.078209 
57.152231 0.078849 0.078209 
57.591864 0.079160 0.078209 
58.031496 0.078776 0.078209 
58.471129 0.079029 0.078209 
58.910761 0.078723 0.078209 
59.350394 0.078426 0.078209 
59.790026 0.078621 0.078209 
60.229659 0.078817 0.078209 
60.669291 0.078651 0.078209 
61.108924 0.078797 0.078209 
61.548556 0.078782 0.078209 
61.988189 0.078427 0.078209 
62.427822 0.078458 0.078209 
62.867454 0.078442 0.078209 
63.307087 0.078486 0.078209 
63.746719 0.078573 0.078209 
64.186352 0.078091 0.078209 
64.625984 0.078244 0.078209 
65.065617 0.078220 0.078209 
65.505249 0.077903 0.078209 
65.944882 0.078328 0.078209 
66.384514 0.078495 0.078209 
66.824147 0.078322 0.078209 
67.263780 0.078484 0.078209 
67.703412 0.078204 0.078209 
68.143045 0.078239 0.078209 
68.582677 0.077873 0.078209 
69.022310 0.078375 0.078209 
69.461942 0.078426 0.078209 
69.901575 0.078208 0.078209 
70.341207 0.078440 0.078209 
70.780840 0.078134 0.078209 
71.220472 0.077992 0.078209 
71.660105 0.078156 0.078209 
72.099738 0.078206 0.078209 
72.539370 0.077949 0.078209 
72.979003 0.077898 0.078209 
73.418635 0.077769 0.078209 
73.858268 0.077742 0.078209 
74.297900 0.078062 0.078209 
74.737533 0.077911 0.078209 
75.177165 0.078151 0.078209 
75.616798 0.077874 0.078209 
76.056430 0.078404 0.078209 
76.496063 0.078264 0.078209 
76.935696 0.077932 0.078209 
77.375328 0.077728 0.078209 
77.814961 0.078031 0.078209 
78.254593 0.078142 0.078209 
78.694226 0.077588 0.078209 
79.133858 0.078210 0.078209 
79.573491 0.077764 0.078209 
80.013123 0.077699 0.078209 
80.452756 0.077858 0.078209 
80.892388 0.077568 0.078209 
81.332021 0.078051 0.078209 
81.771654 0.077713 0.078209 
82.211286 0.077715 0.078209 
82.650919 0.077947 0.078209 
83.090551 0.077771 0.078209 
83.530184 0.077844 0.078209 
83.969816 0.077822 0.078209 
84.409449 0.077789 0.078209 
84.849081 0.077775 0.078209 
85.288714 0.077787 0.078209 
85.728346 0.077919 0.078209 
86.167979 0.077671 0.078209 
86.607612 0.078017 0.078209 
87.047244 0.077557 0.078209 
87.486877 0.077404 0.078209 
87.926509 0.077577 0.078209 
88.366142 0.077380 0.078209 
88.805774 0.077783 0.078209 
89.245407 0.077817 0.078209 
89.685039 0.078025 0.078209 
90.124672 0.077997 0.078209 
90.564304 0.077534 0.078209 
91.003937 0.077815 0.078209 
91.443570 0.077543 0.078209 
91.883202 0.077875 0.078209 
92.322835 0.077770 0.078209 
92.762467 0.077793 0.078209 
93.202100 0.077451 0.078209 
93.641732 0.077538 0.078209 
94.081365 0.077871 0.078209 
94.520997 0.077528 0.078209 
94.960630 0.078007 0.078209 
95.400262 0.078019 0.078209 
95.839895 0.077760 0.078209 
96.279528 0.077573 0.078209 
96.719160 0.077592 0.078209 
97.158793 0.077830 0.078209 
97.598425 0.077999 0.078209 
98.038058 0.077662 0.078209 
98.477690 0.077977 0.078209 
98.917323 0.077805 0.078209 
99.356955 0.077428 0.078209 
99.796588 0.077748 0.078209 
