0.000000 0.249517 0.087201 
0.100000 0.249505 0.087201 
0.200000 0.249493 0.087201 
0.300000 0.249480 0.087201 
0.400000 0.249467 0.087201 
0.500000 0.249453 0.087201 
0.600000 0.249440 0.087201 
0.700000 0.249426 0.087201 
0.800000 0.249411 0.087201 
0.900000 0.249397 0.087201 
1.000000 0.249382 0.087201 
1.100000 0.249367 0.087201 
1.200000 0.249351 0.087201 
1.300000 0.249335 0.087201 
1.400000 0.249318 0.087201 
1.500000 0.249302 0.087201 
1.600000 0.249285 0.087201 
1.700000 0.249267 0.087201 
1.800000 0.249249 0.087201 
1.900000 0.249231 0.087201 
2.000000 0.249212 0.087201 
2.100000 0.249193 0.087201 
2.200000 0.249174 0.087201 
2.300000 0.249154 0.087201 
2.400000 0.249133 0.087201 
2.500000 0.249112 0.087201 
2.600000 0.249091 0.087201 
2.700000 0.249069 0.087201 
2.800000 0.249047 0.087201 
2.900000 0.249024 0.087201 
3.000000 0.249001 0.087201 
3.100000 0.248977 0.087201 
3.200000 0.248953 0.087201 
3.300000 0.248928 0.087201 
3.400000 0.248903 0.087201 
3.500000 0.248877 0.087201 
3.600000 0.248851 0.087201 
3.700000 0.248824 0.087201 
3.800000 0.248796 0.087201 
3.900000 0.248768 0.087201 
4.000000 0.248740 0.087201 
4.100000 0.248710 0.087201 
4.200000 0.248680 0.087201 
4.300000 0.248650 0.087201 
4.400000 0.248619 0.087201 
4.500000 0.248587 0.087201 
4.600000 0.248554 0.087201 
4.700000 0.248521 0.087201 
4.800000 0.248487 0.087201 
4.900000 0.248453 0.087201 
5.000000 0.248418 0.087201 
5.100000 0.248382 0.087201 
5.200000 0.248345 0.087201 
5.300000 0.248307 0.087201 
5.400000 0.248269 0.087201 
5.500000 0.248230 0.087201 
5.600000 0.248190 0.087201 
5.700000 0.248150 0.087201 
5.800000 0.248109 0.087201 
5.900000 0.248066 0.087201 
6.000000 0.248023 0.087201 
6.100000 0.247979 0.087201 
6.200000 0.247935 0.087201 
6.300000 0.247889 0.087201 
6.400000 0.247842 0.087201 
6.500000 0.247795 0.087201 
6.600000 0.247746 0.087201 
6.700000 0.247697 0.087201 
6.800000 0.247647 0.087201 
6.900000 0.247595 0.087201 
7.000000 0.247543 0.087201 
7.100000 0.247490 0.087201 
7.200000 0.247435 0.087201 
7.300000 0.247380 0.087201 
7.400000 0.247323 0.087201 
7.500000 0.247266 0.087201 
7.600000 0.247207 0.087201 
7.700000 0.247147 0.087201 
7.800000 0.247086 0.087201 
7.900000 0.247024 0.087201 
8.000000 0.246961 0.087201 
8.100000 0.246897 0.087201 
8.200000 0.246831 0.087201 
8.300000 0.246764 0.087201 
8.400000 0.246696 0.087201 
8.500000 0.246627 0.087201 
8.600000 0.246556 0.087201 
8.700000 0.246484 0.087201 
8.800000 0.246411 0.087201 
8.900000 0.246336 0.087201 
9.000000 0.246260 0.087201 
9.100000 0.246183 0.087201 
9.200000 0.246104 0.087201 
9.300000 0.246024 0.087201 
9.400000 0.245943 0.087201 
9.500000 0.245859 0.087201 
9.600000 0.245775 0.087201 
9.700000 0.245689 0.087201 
9.800000 0.245601 0.087201 
9.900000 0.245512 0.087201 
10.000000 0.245421 0.087201 
10.100000 0.245329 0.087201 
10.200000 0.245235 0.087201 
10.300000 0.245139 0.087201 
10.400000 0.245042 0.087201 
10.500000 0.244943 0.087201 
10.600000 0.244842 0.087201 
10.700000 0.244739 0.087201 
10.800000 0.244635 0.087201 
10.900000 0.244529 0.087201 
11.000000 0.244421 0.087201 
11.100000 0.244312 0.087201 
11.200000 0.244200 0.087201 
11.300000 0.244087 0.087201 
11.400000 0.243971 0.087201 
11.500000 0.243854 0.087201 
11.600000 0.243734 0.087201 
11.700000 0.243613 0.087201 
11.800000 0.243490 0.087201 
11.900000 0.243364 0.087201 
12.000000 0.243237 0.087201 
12.100000 0.243107 0.087201 
12.200000 0.242976 0.087201 
12.300000 0.242842 0.087201 
12.400000 0.242706 0.087201 
12.500000 0.242568 0.087201 
12.600000 0.242427 0.087201 
12.700000 0.242284 0.087201 
12.800000 0.242139 0.087201 
12.900000 0.241992 0.087201 
13.000000 0.241842 0.087201 
13.100000 0.241690 0.087201 
13.200000 0.241536 0.087201 
13.300000 0.241379 0.087201 
13.400000 0.241219 0.087201 
13.500000 0.241057 0.087201 
13.600000 0.240893 0.087201 
13.700000 0.240726 0.087201 
13.800000 0.240556 0.087201 
13.900000 0.240384 0.087201 
14.000000 0.240209 0.087201 
14.100000 0.240031 0.087201 
14.200000 0.239851 0.087201 
14.300000 0.239668 0.087201 
14.400000 0.239482 0.087201 
14.500000 0.239294 0.087201 
14.600000 0.239102 0.087201 
14.700000 0.238908 0.087201 
14.800000 0.238711 0.087201 
14.900000 0.238510 0.087201 
15.000000 0.238307 0.087201 
15.100000 0.238101 0.087201 
15.200000 0.237892 0.087201 
15.300000 0.237680 0.087201 
15.400000 0.237465 0.087201 
15.500000 0.237246 0.087201 
15.600000 0.237025 0.087201 
15.700000 0.236800 0.087201 
15.800000 0.236572 0.087201 
15.900000 0.236340 0.087201 
16.000000 0.236106 0.087201 
16.100000 0.235868 0.087201 
16.200000 0.235627 0.087201 
16.300000 0.235382 0.087201 
16.400000 0.235134 0.087201 
16.500000 0.234883 0.087201 
16.600000 0.234628 0.087201 
16.700000 0.234369 0.087201 
16.800000 0.234107 0.087201 
16.900000 0.233842 0.087201 
17.000000 0.233572 0.087201 
17.100000 0.233300 0.087201 
17.200000 0.233023 0.087201 
17.300000 0.232743 0.087201 
17.400000 0.232459 0.087201 
17.500000 0.232171 0.087201 
17.600000 0.231879 0.087201 
17.700000 0.231584 0.087201 
17.800000 0.231284 0.087201 
17.900000 0.230981 0.087201 
18.000000 0.230674 0.087201 
18.100000 0.230363 0.087201 
18.200000 0.230047 0.087201 
18.300000 0.229728 0.087201 
18.400000 0.229405 0.087201 
18.500000 0.229077 0.087201 
18.600000 0.228746 0.087201 
18.700000 0.228410 0.087201 
18.800000 0.228070 0.087201 
18.900000 0.227726 0.087201 
19.000000 0.227377 0.087201 
19.100000 0.227024 0.087201 
19.200000 0.226667 0.087201 
19.300000 0.226306 0.087201 
19.400000 0.225940 0.087201 
19.500000 0.225569 0.087201 
19.600000 0.225195 0.087201 
19.700000 0.224815 0.087201 
19.800000 0.224432 0.087201 
19.900000 0.224043 0.087201 
20.000000 0.223650 0.087201 
20.100000 0.223253 0.087201 
20.200000 0.222850 0.087201 
20.300000 0.222444 0.087201 
20.400000 0.222032 0.087201 
20.500000 0.221616 0.087201 
20.600000 0.221195 0.087201 
20.700000 0.220769 0.087201 
20.800000 0.220338 0.087201 
20.900000 0.219903 0.087201 
21.000000 0.219462 0.087201 
21.100000 0.219017 0.087201 
21.200000 0.218567 0.087201 
21.300000 0.218112 0.087201 
21.400000 0.217652 0.087201 
21.500000 0.217187 0.087201 
21.600000 0.216717 0.087201 
21.700000 0.216241 0.087201 
21.800000 0.215761 0.087201 
21.900000 0.215276 0.087201 
22.000000 0.214785 0.087201 
22.100000 0.214290 0.087894 
22.200000 0.213789 0.087201 
22.300000 0.213283 0.087201 
22.400000 0.212772 0.087201 
22.500000 0.212256 0.087201 
22.600000 0.211734 0.087201 
22.700000 0.211207 0.087201 
22.800000 0.210675 0.087201 
22.900000 0.210138 0.087201 
23.000000 0.209595 0.087201 
23.100000 0.209047 0.087201 
23.200000 0.208493 0.087201 
23.300000 0.207934 0.087201 
23.400000 0.207370 0.087201 
23.500000 0.206800 0.087894 
23.600000 0.206225 0.087201 
23.700000 0.205645 0.087201 
23.800000 0.205059 0.087201 
23.900000 0.204467 0.087201 
24.000000 0.203870 0.087201 
24.100000 0.203268 0.087201 
24.200000 0.202660 0.087894 
24.300000 0.202046 0.087201 
24.400000 0.201427 0.087201 
24.500000 0.200803 0.087201 
24.600000 0.200173 0.087201 
24.700000 0.199537 0.087201 
24.800000 0.198896 0.087201 
24.900000 0.198249 0.087201 
25.000000 0.197597 0.087201 
25.100000 0.196939 0.087201 
25.200000 0.196276 0.087201 
25.300000 0.195607 0.087201 
25.400000 0.194932 0.087201 
25.500000 0.194252 0.087201 
25.600000 0.193567 0.087201 
25.700000 0.192875 0.087201 
25.800000 0.192178 0.087201 
25.900000 0.191476 0.087201 
26.000000 0.190768 0.087201 
26.100000 0.190054 0.087201 
26.200000 0.189335 0.087201 
26.300000 0.188611 0.087201 
26.400000 0.187880 0.087201 
26.500000 0.187145 0.087201 
26.600000 0.186403 0.087201 
26.700000 0.185657 0.087201 
26.800000 0.184904 0.087201 
26.900000 0.184146 0.087201 
27.000000 0.183383 0.087201 
27.100000 0.182614 0.087201 
27.200000 0.181840 0.087201 
27.300000 0.181060 0.087201 
27.400000 0.180275 0.087201 
27.500000 0.179484 0.087201 
27.600000 0.178688 0.087201 
27.700000 0.177887 0.087201 
27.800000 0.177080 0.087894 
27.900000 0.176268 0.087201 
28.000000 0.175451 0.087201 
28.100000 0.174628 0.087201 
28.200000 0.173800 0.087201 
28.300000 0.172967 0.087894 
28.400000 0.172128 0.087201 
28.500000 0.171285 0.087894 
28.600000 0.170436 0.087201 
28.700000 0.169582 0.087201 
28.800000 0.168723 0.087201 
28.900000 0.167859 0.087201 
29.000000 0.166990 0.087201 
29.100000 0.166116 0.087201 
29.200000 0.165237 0.087201 
29.300000 0.164353 0.087201 
29.400000 0.163464 0.087201 
29.500000 0.162570 0.087201 
29.600000 0.161672 0.087201 
29.700000 0.160768 0.089970 
29.800000 0.159860 0.087201 
29.900000 0.158948 0.087201 
30.000000 0.158030 0.089970 
30.100000 0.157108 0.087894 
30.200000 0.156182 0.087201 
30.300000 0.155251 0.087201 
30.400000 0.154315 0.087201 
30.500000 0.153375 0.087201 
30.600000 0.152431 0.087201 
30.700000 0.151482 0.087201 
30.800000 0.150530 0.093432 
30.900000 0.149573 0.087201 
31.000000 0.148611 0.087201 
31.100000 0.147646 0.087201 
31.200000 0.146677 0.087201 
31.300000 0.145704 0.087201 
31.400000 0.144727 0.087894 
31.500000 0.143746 0.087894 
31.600000 0.142761 0.087201 
31.700000 0.141772 0.087201 
31.800000 0.140780 0.089970 
31.900000 0.139785 0.087894 
32.000000 0.138785 0.087201 
32.100000 0.137783 0.087894 
32.200000 0.136777 0.087201 
32.300000 0.135767 0.089970 
32.400000 0.134755 0.087201 
32.500000 0.133739 0.087894 
32.600000 0.132720 0.087201 
32.700000 0.131699 0.087201 
32.800000 0.130674 0.087201 
32.900000 0.129646 0.089970 
33.000000 0.128616 0.087201 
33.100000 0.127583 0.089970 
33.200000 0.126547 0.087201 
33.300000 0.125509 0.087201 
33.400000 0.124468 0.087201 
33.500000 0.123425 0.098278 
33.600000 0.122380 0.087894 
33.700000 0.121332 0.093432 
33.800000 0.120282 0.093432 
33.900000 0.119231 0.093432 
34.000000 0.118177 0.087894 
34.100000 0.117121 0.087201 
34.200000 0.116064 0.098278 
34.300000 0.115005 0.093432 
34.400000 0.113945 0.087894 
34.500000 0.112883 0.093432 
34.600000 0.111820 0.098278 
34.700000 0.110755 0.087894 
34.800000 0.109689 0.087894 
34.900000 0.108622 0.089970 
35.000000 0.107554 0.093432 
35.100000 0.106486 0.087894 
35.200000 0.105416 0.098278 
35.300000 0.104346 0.098278 
35.400000 0.103275 0.087894 
35.500000 0.102204 0.104508 
35.600000 0.101132 0.104508 
35.700000 0.100061 0.087894 
35.800000 0.098989 0.104508 
35.900000 0.097917 0.093432 
36.000000 0.096845 0.087201 
36.100000 0.095773 0.098278 
36.200000 0.094701 0.112123 
36.300000 0.093630 0.089970 
36.400000 0.092560 0.089970 
36.500000 0.091490 0.121123 
36.600000 0.090421 0.087894 
36.700000 0.089353 0.093432 
36.800000 0.088286 0.098278 
36.900000 0.087220 0.087894 
37.000000 0.086155 0.093432 
37.100000 0.085092 0.121123 
37.200000 0.084030 0.104508 
37.300000 0.082970 0.089970 
37.400000 0.081912 0.104508 
37.500000 0.080856 0.104508 
37.600000 0.079802 0.104508 
37.700000 0.078750 0.087894 
37.800000 0.077701 0.112123 
37.900000 0.076655 0.093432 
38.000000 0.075612 0.093432 
38.100000 0.074571 0.093432 
38.200000 0.073534 0.104508 
38.300000 0.072501 0.121123 
38.400000 0.071471 0.098278 
38.500000 0.070446 0.112123 
38.600000 0.069424 0.112123 
38.700000 0.068408 0.112123 
38.800000 0.067396 0.143276 
38.900000 0.066389 0.156429 
39.000000 0.065388 0.131507 
39.100000 0.064393 0.131507 
39.200000 0.063404 0.143276 
39.300000 0.062422 0.112123 
39.400000 0.061447 0.131507 
39.500000 0.060480 0.170967 
39.600000 0.059521 0.121123 
39.700000 0.058571 0.112123 
39.800000 0.057631 0.093432 
39.900000 0.056701 0.204197 
40.000000 0.055782 0.186890 
40.100000 0.054875 0.131507 
40.200000 0.053981 0.143276 
40.300000 0.053100 0.121123 
40.400000 0.052234 0.098278 
40.500000 0.051383 0.112123 
40.600000 0.050550 0.131507 
40.700000 0.049734 0.242965 
40.800000 0.048938 0.186890 
40.900000 0.048163 0.112123 
41.000000 0.047411 0.121123 
41.100000 0.046682 0.204197 
41.200000 0.045980 0.093432 
41.300000 0.045305 0.098278 
41.400000 0.044660 0.186890 
41.500000 0.044047 0.143276 
41.600000 0.043468 0.222888 
41.700000 0.042926 0.131507 
41.800000 0.042422 0.098278 
41.900000 0.041960 0.121123 
42.000000 0.041543 0.089970 
42.100000 0.041173 0.098278 
42.200000 0.040853 0.170967 
42.300000 0.040587 0.287270 
42.400000 0.040378 0.098278 
42.500000 0.040229 0.093432 
42.600000 0.040143 0.170967 
42.700000 0.040126 0.098278 
42.800000 0.040179 0.143276 
42.900000 0.040308 0.121123 
43.000000 0.040516 0.242965 
43.100000 0.040807 0.186890 
43.200000 0.041186 0.104508 
43.300000 0.041656 0.156429 
43.400000 0.042223 0.131507 
43.500000 0.042889 0.098278 
43.600000 0.043659 0.186890 
43.700000 0.044538 0.186890 
43.800000 0.045530 0.112123 
43.900000 0.046638 0.222888 
44.000000 0.047867 0.186890 
44.100000 0.049221 0.156429 
44.200000 0.050703 0.131507 
44.300000 0.052317 0.093432 
44.400000 0.054066 0.131507 
44.500000 0.055953 0.204197 
44.600000 0.057982 0.121123 
44.700000 0.060154 0.204197 
44.800000 0.062471 0.098278 
44.900000 0.064936 0.098278 
45.000000 0.067550 0.104508 
45.100000 0.070312 0.131507 
45.200000 0.073225 0.098278 
45.300000 0.076287 0.089970 
45.400000 0.079498 0.104508 
45.500000 0.082857 0.104508 
45.600000 0.086361 0.131507 
45.700000 0.090008 0.121123 
45.800000 0.093795 0.112123 
45.900000 0.097718 0.143276 
46.000000 0.101773 0.098278 
46.100000 0.105953 0.121123 
46.200000 0.110253 0.098278 
46.300000 0.114666 0.112123 
46.400000 0.119185 0.093432 
46.500000 0.123801 0.112123 
46.600000 0.128506 0.104508 
46.700000 0.133290 0.089970 
46.800000 0.138142 0.104508 
46.900000 0.143052 0.089970 
47.000000 0.148008 0.098278 
47.100000 0.152998 0.098278 
47.200000 0.158009 0.098278 
47.300000 0.163028 0.104508 
47.400000 0.168041 0.121123 
47.500000 0.173034 0.112123 
47.600000 0.177993 0.093432 
47.700000 0.182903 0.089970 
47.800000 0.187749 0.098278 
47.900000 0.192515 0.098278 
48.000000 0.197188 0.087894 
48.100000 0.201750 0.104508 
48.200000 0.206188 0.112123 
48.300000 0.210487 0.131507 
48.400000 0.214631 0.087894 
48.500000 0.218606 0.098278 
48.600000 0.222398 0.093432 
48.700000 0.225995 0.098278 
48.800000 0.229381 0.089970 
48.900000 0.232546 0.098278 
49.000000 0.235477 0.121123 
49.100000 0.238165 0.104508 
49.200000 0.240597 0.087894 
49.300000 0.242766 0.093432 
49.400000 0.244663 0.087894 
49.500000 0.246280 0.087894 
49.600000 0.247612 0.089970 
49.700000 0.248654 0.093432 
49.800000 0.249401 0.087201 
49.900000 0.249850 0.098278 
50.000000 0.250000 0.121123 
50.100000 0.249850 0.093432 
50.200000 0.249401 0.093432 
50.300000 0.248654 0.098278 
50.400000 0.247612 0.093432 
50.500000 0.246280 0.098278 
50.600000 0.244663 0.089970 
50.700000 0.242766 0.089970 
50.800000 0.240597 0.098278 
50.900000 0.238165 0.112123 
51.000000 0.235477 0.098278 
51.100000 0.232546 0.093432 
51.200000 0.229381 0.104508 
51.300000 0.225995 0.093432 
51.400000 0.222398 0.093432 
51.500000 0.218606 0.104508 
51.600000 0.214631 0.089970 
51.700000 0.210487 0.087894 
51.800000 0.206188 0.112123 
51.900000 0.201750 0.089970 
52.000000 0.197188 0.112123 
52.100000 0.192515 0.131507 
52.200000 0.187749 0.112123 
52.300000 0.182903 0.112123 
52.400000 0.177993 0.089970 
52.500000 0.173034 0.089970 
52.600000 0.168041 0.104508 
52.700000 0.163028 0.112123 
52.800000 0.158009 0.112123 
52.900000 0.152998 0.093432 
53.000000 0.148008 0.131507 
53.100000 0.143052 0.098278 
53.200000 0.138142 0.143276 
53.300000 0.133290 0.104508 
53.400000 0.128506 0.104508 
53.500000 0.123801 0.143276 
53.600000 0.119185 0.098278 
53.700000 0.114666 0.098278 
53.800000 0.110253 0.186890 
53.900000 0.105953 0.121123 
54.000000 0.101773 0.093432 
54.100000 0.097718 0.204197 
54.200000 0.093795 0.104508 
54.300000 0.090008 0.112123 
54.400000 0.086361 0.131507 
54.500000 0.082857 0.131507 
54.600000 0.079498 0.098278 
54.700000 0.076287 0.156429 
54.800000 0.073225 0.143276 
54.900000 0.070312 0.104508 
55.000000 0.067550 0.104508 
55.100000 0.064936 0.131507 
55.200000 0.062471 0.170967 
55.300000 0.060154 0.104508 
55.400000 0.057982 0.170967 
55.500000 0.055953 0.156429 
55.600000 0.054066 0.143276 
55.700000 0.052317 0.143276 
55.800000 0.050703 0.222888 
55.900000 0.049221 0.143276 
56.000000 0.047867 0.143276 
56.100000 0.046638 0.112123 
56.200000 0.045530 0.186890 
56.300000 0.044538 0.121123 
56.400000 0.043659 0.186890 
56.500000 0.042889 0.121123 
56.600000 0.042223 0.143276 
56.700000 0.041656 0.143276 
56.800000 0.041186 0.098278 
56.900000 0.040807 0.121123 
57.000000 0.040516 0.121123 
57.100000 0.040308 0.242965 
57.200000 0.040179 0.104508 
57.300000 0.040126 0.242965 
57.400000 0.040143 0.121123 
57.500000 0.040229 0.121123 
57.600000 0.040378 0.287270 
57.700000 0.040587 0.131507 
57.800000 0.040853 0.156429 
57.900000 0.041173 0.112123 
58.000000 0.041543 0.131507 
58.100000 0.041960 0.121123 
58.200000 0.042422 0.112123 
58.300000 0.042926 0.143276 
58.400000 0.043468 0.121123 
58.500000 0.044047 0.131507 
58.600000 0.044660 0.112123 
58.700000 0.045305 0.156429 
58.800000 0.045980 0.143276 
58.900000 0.046682 0.143276 
59.000000 0.047411 0.143276 
59.100000 0.048163 0.143276 
59.200000 0.048938 0.170967 
59.300000 0.049734 0.143276 
59.400000 0.050550 0.121123 
59.500000 0.051383 0.104508 
59.600000 0.052234 0.131507 
59.700000 0.053100 0.121123 
59.800000 0.053981 0.121123 
59.900000 0.054875 0.112123 
60.000000 0.055782 0.131507 
60.100000 0.056701 0.093432 
60.200000 0.057631 0.121123 
60.300000 0.058571 0.112123 
60.400000 0.059521 0.131507 
60.500000 0.060480 0.121123 
60.600000 0.061447 0.170967 
60.700000 0.062422 0.104508 
60.800000 0.063404 0.112123 
60.900000 0.064393 0.104508 
61.000000 0.065388 0.131507 
61.100000 0.066389 0.121123 
61.200000 0.067396 0.121123 
61.300000 0.068408 0.093432 
61.400000 0.069424 0.104508 
61.500000 0.070446 0.112123 
61.600000 0.071471 0.112123 
61.700000 0.072501 0.112123 
61.800000 0.073534 0.098278 
61.900000 0.074571 0.089970 
62.000000 0.075612 0.098278 
62.100000 0.076655 0.093432 
62.200000 0.077701 0.121123 
62.300000 0.078750 0.112123 
62.400000 0.079802 0.121123 
62.500000 0.080856 0.121123 
62.600000 0.081912 0.121123 
62.700000 0.082970 0.098278 
62.800000 0.084030 0.121123 
62.900000 0.085092 0.093432 
63.000000 0.086155 0.089970 
63.100000 0.087220 0.131507 
63.200000 0.088286 0.104508 
63.300000 0.089353 0.093432 
63.400000 0.090421 0.098278 
63.500000 0.091490 0.104508 
63.600000 0.092560 0.087894 
63.700000 0.093630 0.121123 
63.800000 0.094701 0.098278 
63.900000 0.095773 0.087894 
64.000000 0.096845 0.093432 
64.100000 0.097917 0.104508 
64.200000 0.098989 0.089970 
64.300000 0.100061 0.087201 
64.400000 0.101132 0.087201 
64.500000 0.102204 0.089970 
64.600000 0.103275 0.087894 
64.700000 0.104346 0.089970 
64.800000 0.105416 0.093432 
64.900000 0.106486 0.089970 
65.000000 0.107554 0.093432 
65.100000 0.108622 0.087894 
65.200000 0.109689 0.098278 
65.300000 0.110755 0.098278 
65.400000 0.111820 0.087894 
65.500000 0.112883 0.089970 
65.600000 0.113945 0.089970 
65.700000 0.115005 0.098278 
65.800000 0.116064 0.087894 
65.900000 0.117121 0.087894 
66.000000 0.118177 0.093432 
66.100000 0.119231 0.093432 
66.200000 0.120282 0.098278 
66.300000 0.121332 0.087201 
66.400000 0.122380 0.087894 
66.500000 0.123425 0.093432 
66.600000 0.124468 0.087894 
66.700000 0.125509 0.104508 
66.800000 0.126547 0.098278 
66.900000 0.127583 0.089970 
67.000000 0.128616 0.087201 
67.100000 0.129646 0.093432 
67.200000 0.130674 0.087894 
67.300000 0.131699 0.089970 
67.400000 0.132720 0.089970 
67.500000 0.133739 0.089970 
67.600000 0.134755 0.087201 
67.700000 0.135767 0.104508 
67.800000 0.136777 0.087894 
67.900000 0.137783 0.087894 
68.000000 0.138785 0.087201 
68.100000 0.139785 0.089970 
68.200000 0.140780 0.089970 
68.300000 0.141772 0.087894 
68.400000 0.142761 0.087201 
68.500000 0.143746 0.087894 
68.600000 0.144727 0.087201 
68.700000 0.145704 0.087201 
68.800000 0.146677 0.087201 
68.900000 0.147646 0.087894 
69.000000 0.148611 0.087894 
69.100000 0.149573 0.087201 
69.200000 0.150530 0.089970 
69.300000 0.151482 0.087201 
69.400000 0.152431 0.087201 
69.500000 0.153375 0.087894 
69.600000 0.154315 0.087894 
69.700000 0.155251 0.087894 
69.800000 0.156182 0.087201 
69.900000 0.157108 0.089970 
70.000000 0.158030 0.087894 
70.100000 0.158948 0.087201 
70.200000 0.159860 0.087201 
70.300000 0.160768 0.087201 
70.400000 0.161672 0.087201 
70.500000 0.162570 0.087201 
70.600000 0.163464 0.087201 
70.700000 0.164353 0.087894 
70.800000 0.165237 0.087201 
70.900000 0.166116 0.087201 
71.000000 0.166990 0.087201 
71.100000 0.167859 0.087894 
71.200000 0.168723 0.087894 
71.300000 0.169582 0.087201 
71.400000 0.170436 0.087201 
71.500000 0.171285 0.087201 
71.600000 0.172128 0.087201 
71.700000 0.172967 0.087201 
71.800000 0.173800 0.087201 
71.900000 0.174628 0.087201 
72.000000 0.175451 0.087201 
72.100000 0.176268 0.087201 
72.200000 0.177080 0.087201 
72.300000 0.177887 0.087201 
72.400000 0.178688 0.087201 
72.500000 0.179484 0.087201 
72.600000 0.180275 0.087201 
72.700000 0.181060 0.087201 
72.800000 0.181840 0.087201 
72.900000 0.182614 0.087201 
73.000000 0.183383 0.087201 
73.100000 0.184146 0.087201 
73.200000 0.184904 0.087201 
73.300000 0.185657 0.087201 
73.400000 0.186403 0.087201 
73.500000 0.187145 0.087201 
73.600000 0.187880 0.087201 
73.700000 0.188611 0.087201 
73.800000 0.189335 0.087201 
73.900000 0.190054 0.087201 
74.000000 0.190768 0.087201 
74.100000 0.191476 0.087201 
74.200000 0.192178 0.087201 
74.300000 0.192875 0.087894 
74.400000 0.193567 0.087201 
74.500000 0.194252 0.087894 
74.600000 0.194932 0.087201 
74.700000 0.195607 0.087201 
74.800000 0.196276 0.087201 
74.900000 0.196939 0.087201 
75.000000 0.197597 0.087201 
75.100000 0.198249 0.087201 
75.200000 0.198896 0.087894 
75.300000 0.199537 0.087201 
75.400000 0.200173 0.087201 
75.500000 0.200803 0.087201 
75.600000 0.201427 0.087201 
75.700000 0.202046 0.087201 
75.800000 0.202660 0.087201 
75.900000 0.203268 0.087201 
76.000000 0.203870 0.087201 
76.100000 0.204467 0.087201 
76.200000 0.205059 0.087201 
76.300000 0.205645 0.087201 
76.400000 0.206225 0.087201 
76.500000 0.206800 0.087201 
76.600000 0.207370 0.087201 
76.700000 0.207934 0.087201 
76.800000 0.208493 0.087201 
76.900000 0.209047 0.087201 
77.000000 0.209595 0.087201 
77.100000 0.210138 0.087201 
77.200000 0.210675 0.087201 
77.300000 0.211207 0.087201 
77.400000 0.211734 0.087201 
77.500000 0.212256 0.087201 
77.600000 0.212772 0.087201 
77.700000 0.213283 0.087201 
77.800000 0.213789 0.087201 
77.900000 0.214290 0.087201 
78.000000 0.214785 0.087201 
78.100000 0.215276 0.087201 
78.200000 0.215761 0.087201 
78.300000 0.216241 0.087201 
78.400000 0.216717 0.087201 
78.500000 0.217187 0.087201 
78.600000 0.217652 0.087201 
78.700000 0.218112 0.087201 
78.800000 0.218567 0.087201 
78.900000 0.219017 0.087201 
79.000000 0.219462 0.087201 
79.100000 0.219903 0.087201 
79.200000 0.220338 0.087201 
79.300000 0.220769 0.087201 
79.400000 0.221195 0.087201 
79.500000 0.221616 0.087201 
79.600000 0.222032 0.087201 
79.700000 0.222444 0.087201 
79.800000 0.222850 0.087201 
79.900000 0.223253 0.087201 
80.000000 0.223650 0.087201 
80.100000 0.224043 0.087201 
80.200000 0.224432 0.087201 
80.300000 0.224815 0.087201 
80.400000 0.225195 0.087201 
80.500000 0.225569 0.087201 
80.600000 0.225940 0.087201 
80.700000 0.226306 0.087201 
80.800000 0.226667 0.087201 
80.900000 0.227024 0.087201 
81.000000 0.227377 0.087201 
81.100000 0.227726 0.087201 
81.200000 0.228070 0.087201 
81.300000 0.228410 0.087201 
81.400000 0.228746 0.087201 
81.500000 0.229077 0.087201 
81.600000 0.229405 0.087201 
81.700000 0.229728 0.087201 
81.800000 0.230047 0.087201 
81.900000 0.230363 0.087201 
82.000000 0.230674 0.087201 
82.100000 0.230981 0.087201 
82.200000 0.231284 0.087201 
82.300000 0.231584 0.087201 
82.400000 0.231879 0.087201 
82.500000 0.232171 0.087201 
82.600000 0.232459 0.087201 
82.700000 0.232743 0.087201 
82.800000 0.233023 0.087201 
82.900000 0.233300 0.087201 
83.000000 0.233572 0.087201 
83.100000 0.233842 0.087201 
83.200000 0.234107 0.087201 
83.300000 0.234369 0.087201 
83.400000 0.234628 0.087201 
83.500000 0.234883 0.087201 
83.600000 0.235134 0.087201 
83.700000 0.235382 0.087201 
83.800000 0.235627 0.087201 
83.900000 0.235868 0.087201 
84.000000 0.236106 0.087201 
84.100000 0.236340 0.087201 
84.200000 0.236572 0.087201 
84.300000 0.236800 0.087201 
84.400000 0.237025 0.087201 
84.500000 0.237246 0.087894 
84.600000 0.237465 0.087201 
84.700000 0.237680 0.087201 
84.800000 0.237892 0.087201 
84.900000 0.238101 0.087201 
85.000000 0.238307 0.087201 
85.100000 0.238510 0.087201 
85.200000 0.238711 0.087201 
85.300000 0.238908 0.087201 
85.400000 0.239102 0.087201 
85.500000 0.239294 0.087201 
85.600000 0.239482 0.087201 
85.700000 0.239668 0.087201 
85.800000 0.239851 0.087201 
85.900000 0.240031 0.087201 
86.000000 0.240209 0.087201 
86.100000 0.240384 0.087201 
86.200000 0.240556 0.087201 
86.300000 0.240726 0.087201 
86.400000 0.240893 0.087201 
86.500000 0.241057 0.087201 
86.600000 0.241219 0.087201 
86.700000 0.241379 0.087201 
86.800000 0.241536 0.087201 
86.900000 0.241690 0.087201 
87.000000 0.241842 0.087201 
87.100000 0.241992 0.087201 
87.200000 0.242139 0.087201 
87.300000 0.242284 0.087201 
87.400000 0.242427 0.087201 
87.500000 0.242568 0.087201 
87.600000 0.242706 0.087201 
87.700000 0.242842 0.087201 
87.800000 0.242976 0.087201 
87.900000 0.243107 0.087201 
88.000000 0.243237 0.087201 
88.100000 0.243364 0.087201 
88.200000 0.243490 0.087201 
88.300000 0.243613 0.087201 
88.400000 0.243734 0.087201 
88.500000 0.243854 0.087201 
88.600000 0.243971 0.087201 
88.700000 0.244087 0.087201 
88.800000 0.244200 0.087201 
88.900000 0.244312 0.087201 
89.000000 0.244421 0.087201 
89.100000 0.244529 0.087201 
89.200000 0.244635 0.087201 
89.300000 0.244739 0.087201 
89.400000 0.244842 0.087201 
89.500000 0.244943 0.087201 
89.600000 0.245042 0.087201 
89.700000 0.245139 0.087201 
89.800000 0.245235 0.087201 
89.900000 0.245329 0.087201 
90.000000 0.245421 0.087201 
90.100000 0.245512 0.087201 
90.200000 0.245601 0.087201 
90.300000 0.245689 0.087201 
90.400000 0.245775 0.087201 
90.500000 0.245859 0.087201 
90.600000 0.245943 0.087201 
90.700000 0.246024 0.087201 
90.800000 0.246104 0.087201 
90.900000 0.246183 0.087201 
91.000000 0.246260 0.087201 
91.100000 0.246336 0.087201 
91.200000 0.246411 0.087201 
91.300000 0.246484 0.087201 
91.400000 0.246556 0.087201 
91.500000 0.246627 0.087201 
91.600000 0.246696 0.087201 
91.700000 0.246764 0.087201 
91.800000 0.246831 0.087201 
91.900000 0.246897 0.087201 
92.000000 0.246961 0.087201 
92.100000 0.247024 0.087201 
92.200000 0.247086 0.087201 
92.300000 0.247147 0.087201 
92.400000 0.247207 0.087201 
92.500000 0.247266 0.087201 
92.600000 0.247323 0.087201 
92.700000 0.247380 0.087201 
92.800000 0.247435 0.087201 
92.900000 0.247490 0.087201 
93.000000 0.247543 0.087201 
93.100000 0.247595 0.087201 
93.200000 0.247647 0.087201 
93.300000 0.247697 0.087201 
93.400000 0.247746 0.087201 
93.500000 0.247795 0.087201 
93.600000 0.247842 0.087201 
93.700000 0.247889 0.087201 
93.800000 0.247935 0.087201 
93.900000 0.247979 0.087201 
94.000000 0.248023 0.087201 
94.100000 0.248066 0.087201 
94.200000 0.248109 0.087201 
94.300000 0.248150 0.087201 
94.400000 0.248190 0.087201 
94.500000 0.248230 0.087201 
94.600000 0.248269 0.087201 
94.700000 0.248307 0.087201 
94.800000 0.248345 0.087201 
94.900000 0.248382 0.087201 
95.000000 0.248418 0.087201 
95.100000 0.248453 0.087201 
95.200000 0.248487 0.087201 
95.300000 0.248521 0.087201 
95.400000 0.248554 0.087201 
95.500000 0.248587 0.087201 
95.600000 0.248619 0.087201 
95.700000 0.248650 0.087201 
95.800000 0.248680 0.087201 
95.900000 0.248710 0.087201 
96.000000 0.248740 0.087201 
96.100000 0.248768 0.087201 
96.200000 0.248796 0.087201 
96.300000 0.248824 0.087201 
96.400000 0.248851 0.087201 
96.500000 0.248877 0.087201 
96.600000 0.248903 0.087201 
96.700000 0.248928 0.087201 
96.800000 0.248953 0.087201 
96.900000 0.248977 0.087201 
97.000000 0.249001 0.087201 
97.100000 0.249024 0.087201 
97.200000 0.249047 0.087201 
97.300000 0.249069 0.087201 
97.400000 0.249091 0.087201 
97.500000 0.249112 0.087201 
97.600000 0.249133 0.087201 
97.700000 0.249154 0.087201 
97.800000 0.249174 0.087201 
97.900000 0.249193 0.087201 
98.000000 0.249212 0.087201 
98.100000 0.249231 0.087201 
98.200000 0.249249 0.087201 
98.300000 0.249267 0.087201 
98.400000 0.249285 0.087201 
98.500000 0.249302 0.087201 
98.600000 0.249318 0.087201 
98.700000 0.249335 0.087201 
98.800000 0.249351 0.087201 
98.900000 0.249367 0.087201 
99.000000 0.249382 0.087201 
99.100000 0.249397 0.087201 
99.200000 0.249411 0.087201 
99.300000 0.249426 0.087201 
99.400000 0.249440 0.087201 
99.500000 0.249453 0.087201 
99.600000 0.249467 0.087201 
99.700000 0.249480 0.087201 
99.800000 0.249493 0.087201 
99.900000 0.249505 0.087201 
